[gd_scene load_steps=11 format=3 uid="uid://bm2fl17i7tjk7"]

[ext_resource type="PackedScene" uid="uid://c451bcyjbqphn" path="res://abandoned_house.tscn" id="1_f3sb7"]
[ext_resource type="PackedScene" uid="uid://cgwbi7tq4t2ay" path="res://RandomObjects/phone/phone_low.glb" id="2_tlwt5"]
[ext_resource type="PackedScene" uid="uid://dsmb8k2x52iht" path="res://case_low_.tscn" id="3_aqk2v"]
[ext_resource type="Script" uid="uid://d0q43hcnxts6q" path="res://camera_3d.gd" id="4_036b0"]
[ext_resource type="PackedScene" uid="uid://lwi4xpb1atsr" path="res://nightmare_girl_sketchfab.tscn" id="4_aqk2v"]

[sub_resource type="PanoramaSkyMaterial" id="PanoramaSkyMaterial_aqk2v"]

[sub_resource type="Sky" id="Sky_036b0"]
sky_material = SubResource("PanoramaSkyMaterial_aqk2v")

[sub_resource type="Environment" id="Environment_aqk2v"]
background_mode = 1
sky = SubResource("Sky_036b0")
ambient_light_source = 2
ambient_light_color = Color(0.389287, 0.389287, 0.389287, 1)
ambient_light_energy = 0.27

[sub_resource type="CameraAttributesPractical" id="CameraAttributesPractical_dwbse"]

[sub_resource type="Compositor" id="Compositor_pkg7o"]

[node name="world" type="Node3D"]

[node name="Abandoned_House2" parent="." instance=ExtResource("1_f3sb7")]

[node name="phone_low2" parent="." instance=ExtResource("2_tlwt5")]
transform = Transform3D(0.203486, 0, -0.220439, 0, 0.3, 0, 0.220439, 0, 0.203486, -32.4021, 0.71019, -121.78)

[node name="case_low" parent="." instance=ExtResource("3_aqk2v")]
transform = Transform3D(1, 0, 0, 0, 1, 0, 0, 0, 1, -31.703, 0.762301, -121.659)

[node name="DirectionalLight3D" type="DirectionalLight3D" parent="."]
transform = Transform3D(0.412643, 4.74863e-09, 0.910893, -1.49012e-08, 1, 1.53722e-09, -0.910893, -1.42077e-08, 0.412643, 7.73438, 140.702, -24.8726)
light_color = Color(0.0189979, 0.159674, 0.340315, 1)
light_energy = 1.393
light_indirect_energy = 2.131
light_volumetric_fog_energy = 5.687
shadow_enabled = true

[node name="Camera3D" type="Camera3D" parent="."]
transform = Transform3D(0.221548, 0.240861, -0.944935, 0, 0.969016, 0.246999, 0.975149, -0.0547222, 0.214684, -32.8479, 1.39914, -120.473)
fov = 90.364
script = ExtResource("4_036b0")

[node name="WorldEnvironment" type="WorldEnvironment" parent="."]
environment = SubResource("Environment_aqk2v")
camera_attributes = SubResource("CameraAttributesPractical_dwbse")
compositor = SubResource("Compositor_pkg7o")

[node name="Spooky_Summer_Nightmare_Girl_Sketchfab" parent="WorldEnvironment" instance=ExtResource("4_aqk2v")]
transform = Transform3D(0.094462, 0, -0.490996, 0, 0.5, 0, 0.490996, 0, 0.094462, -29.581, 0.231652, -120.645)

[node name="SpotLight3D" type="SpotLight3D" parent="."]
transform = Transform3D(1, 0, 0, 0, 0.105344, 0.994436, 0, -0.994436, 0.105344, -33.3904, 3.31035, -120.9)
